** 성적 출력 **
==================================================
[ 1] 이순신    85    80    90   255   85.0    7  등 
[ 2] 강감찬    75    70    95   240   80.0    8  등 
[ 3] 한석봉   100   100   100   300  100.0    1  등 
[ 4] 안중근    90    85    95   270   90.0    5  등 
[ 5] 박문수    95    95    90   280   93.3    4  등 
[ 6] 임꺽정    15    35    45    95   31.7    9  등 
[ 7] 김정호    90    95    85   270   90.0    5  등 
[ 8] 정몽주   100    95    95   290   96.7    3  등 
[ 9] 김성혁   100   100   100   300  100.0    1  등 
[10] 양준혁    10    10    10    30   10.0   10  등 
==================================================
평균 ==>         76.0  76.5  80.5       77.7 
==================================================
